0
0
0
19188
19188
26582
14932
37874
19188
0
19188
50686
47548
47548
0
54063
50925
69220
50534
19792
36681
128677
102170
83861
79001
74066
36681
37728
230908
180848
246614
148736
0
27066
0
137481
149229
101347
272789
152474
319487
28785
248872
94863
143656
231434
319752
120490
8757
231434
293629
200575
285234
328964
79910
23847
235346
210412
221520
97999
331084
196829
336453
162502
185580
272827
272789
407787
282302
23847
409715
113200
8757
260128
304136
0
434214
200238
461004
235344
165252
138403
578587
205786
503677
174584
383459
552445
460160
518530
29629
540751
402642
454516
327121
82671
479105
471224
0
589143
346274
205594
586329
233991
825604
533164
749836
408168
623791
562855
750142
804747
31419
443446
493623
500770
244671
520486
834710
734272
808310
376066
186343
603851
816960
631918
936900
174732
799389
146179
27336
781138
362649
892490
1014017
292541
985568
36318
736860
800776
183171
906680
878797
250743
1022281
1126876
1043321
823542
696500
442156
988539
26047
816860
879846
791900
540199
961424
1069
264071
612521
1139165
881522
1161459
1265310
451311
955891
905760
874618
240002
552514
840860
574861
895276
1262437
194181
1325844
980984
573822
1334810
0
1233928
711297
320085
256802
949129
968639
944208
408553
449956
1088324
383870
1274073
747035
1416911
188482
722035
1033216
1263680
1078549
453506
34204
426600
1056089
1261950
1069
1531580
311493
785510
1338042
196097
1350644
579009
167150
1102894
1031769
1391290
900459
1057369
1054551
846156
1150569
1512828
265063
1721881
681191
497204
594012
636189
1612280
66208
639070
911625
1737334
1103531
2081269
328668
1282644
1193159
960009
983121
1993121
763308
1777429
539333
1238812
150597
572909
718983
1988312
0
604810
406071
1685561
1512326
1493270
469931
1174297
470643
1369338
337862
1324679
894566
1152354
139469
1597040
516495
590115
591338
386812
400096
1937254
589610
1122180
1108569
2232570
1806039
2171904
1268766
1628228
931282
2052907
1093642
1716400
2483433
1010352
482176
1938436
1641013
428069
1429546
757230
956987
2120877
2057425
1531099
11362
1722478
1131627
2070513
1453394
863656
938886
1586638
626506
91418
655745
1816130
1344594
1100134
160731
2043404
846331
903704
1006807
662804
141471
1365578
1569777
2264215
1471118
985235
2108040
61297
1547489
2079928
1360075
441180
1553820
2307502
530405
2347795
2241035
1645848
159589
1325375
2576080
181418
201847
1916013
2249410
2017593
923445
1583661
1452740
2219854
1870642
1819565
265384
2298731
1086389
269115
460379
1745521
1677934
1914751
725510
1603207
1948863
711837
1576278
1281772
1793952
1717885
997298
1069414
50743
1141567
1138708
2059517
132451
0
1390529
238974
2531685
384095
146043
1225623
2323168
2005639
1955376
1167379
2646016
2716622
2282767
2472000
3128449
771712
604620
2300176
443039
1456508
9202
1592936
1400285
2490581
2517434
2561525
2574902
1922602
2336199
3072492
672952
1294771
535949
1691297
53038
1219698
1254356
49866
494987
801069
583606
2401750
683871
1897851
1357010
1933446
98892
3032335
233115
2545762
1836559
1117362
3289008
1301819
2424116
1754231
2707440
2966854
2351950
292788
3029127
496062
2921401
3226570
3385736
722782
623841
1071653
3236321
865922
3462095
2993376
3265473
2906858
2851745
2359339
298383
1790154
500874
3088622
3651853
3900365
3091936
3468474
1260101
1110722
2450178
990633
769833
992799
2807159
150911
1352391
1709667
2422384
2248971
94271
2722364
508411
1640276
655251
1072128
1979794
1129319
3803083
350235
1428048
1519879
3936971
1494804
2510883
2570758
702022
119225
891843
1603217
215296
3656204
181358
1958253
3314519
4118181
279189
4132878
1855868
3055674
1684613
1472397
1544474
221893
1652824
1985436
3567612
676396
4349975
3797895
4198181
2774155
2558716
3433081
4517592
1870944
3854417
2714633
4266072
3508504
3679183
3800347
874412
1020992
1099852
3750906
2186662
2769129
1640334
4234202
3936698
3375319
3858588
3395924
3221475
3220164
4027875
2438230
2503252
3774795
2095882
4013611
397088
906791
4180511
2562925
486170
2558379
1918299
3061733
2546518
3422112
1490089
278356
3672398
1107534
4253163
667156
3658666
1755408
4140070
1544593
1188882
2569536
1182069
529332
2507496
3315605
1981170
2100957
3770704
534739
1743320
2126258
4221608
55936
3257227
3262288
2100690
63434
2553886
4591989
1811377
1607089
3617841
1486033
346281
4221136
2352998
4229430
398260
2121863
2138581
4658754
1496006
3507497
5004880
577905
401387
42188
2616040
2182085
527350
2609069
1127333
717845
1504903
3260691
4893706
227666
2961315
3885103
4476298
4226453
2928734
294589
1012322
2579655
1744866
2722081
4410679
3968950
3768178
3742232
2503333
3458649
4635930
3519449
2555506
5011569
3660402
3794246
3761715
920464
1529978
2945612
1982735
2714874
3877697
204116
4427887
2368156
2701216
1218236
4314941
466710
3474094
663044
2690223
3534736
3536984
695643
1397007
1696699
3355795
2715935
160640
2912706
2150886
116047
719330
280863
1160317
2596964
953501
2884255
1400258
4181310
2523803
5172158
479796
3012927
968350
3049288
2284351
2276740
1332026
2574852
2582382
3381198
5152359
4983309
982838
72315
1809939
4152509
5027136
1325825
5043634
5389462
1300926
150510
1083148
68220
2723409
1392962
3667166
832483
5358458
2311369
5501764
4017444
447691
3156617
5459806
5397614
3810938
1784392
3452006
1382852
2728824
2503553
1953834
3713540
4245359
4081359
3352560
1521466
4572344
3385103
2968860
2583673
1015400
5541967
581563
1034014
138442
3438539
2940098
4218532
3290887
885521
1656676
4907979
2661673
443474
918192
4076119
160260
1547109
4533616
1834747
1651688
4890096
3443610
2314270
1356367
3486447
5459796
4571194
3145241
4909197
5712703
5264020
2448054
493187
4491285
4191811
5688406
1662159
4896536
4541266
2951054
2392549
144483
4763196
948247
4815670
4565295
972603
4171682
4654115
1243007
2740851
1478017
1621345
1422200
3234056
18686
1797584
3298053
468289
3987
4760846
4800322
3974303
999630
1270863
307343
4351370
351528
4017839
2193873
2073327
5321945
782989
1293745
5687980
1891311
1348039
5469708
1019472
5954716
6073681
513265
5070171
3419852
4030427
244331
4071068
652298
5797844
6055261
4611292
3664412
5653416
1852371
447264
4644476
3457567
594711
821544
4785476
2234063
5178209
944407
3332382
2683052
4662089
2321372
6151317
292193
3977633
0
5261825
922696
51919
2376398
4511508
4899195
5058656
4719130
3263276
1476271
2825926
271764
3546915
408472
5365223
3645704
4954529
3619345
3037724
4033823
4834604
5868730
270284
1241806
5760344
1324724
3668453
3849020
1074977
5935730
658110
3596338
6432704
4590567
2306891
1948845
1323777
6685975
5688845
825680
4269909
6032424
203209
3081271
1621549
203965
2926864
374589
3750385
3029794
2463299
1577972
630692
3186065
6054903
6845179
6791842
6347268
1539693
2196299
4721936
6645804
1058607
6703588
2187704
3856468
3013234
2759944
5656298
4061601
1651624
4992815
1194052
4104531
2262260
2871193
3931120
510426
1002456
2890052
1546037
1739850
3800364
2896553
3587649
469888
5257606
5520110
3909786
1168922
2765469
3820924
3320706
1505531
3047726
3533489
6874238
248540
62067
4428752
2197011
2177229
5292834
3604792
6965984
2142226
3482092
2577688
2912210
6688852
3292931
6172358
6210935
2962666
3522249
6126066
5890713
4178151
2075515
2650036
2451944
1594043
1924377
4658387
3461290
7280238
209664
6074985
7095076
2017447
3285679
7350294
3772099
5495977
2379733
2950008
5343763
4998652
23426
4190891
624323
5238471
1899040
3646073
2470967
2661584
5699178
6480382
3458179
3998114
7146086
4368520
7220171
5276783
7149352
5942717
6605702
3316195
2648247
1201141
4229800
1780482
4078927
1719397
3593325
6197073
635098
5507298
2956614
2341045
4924446
4971465
2442651
4174075
823246
5719605
7158453
60658
2657142
4719502
7779249
793894
904931
4204075
359780
90566
3558662
7664392
5604664
2473069
2948060
528181
4131282
3321912
4091875
2415078
4564686
3108564
833957
483273
729290
5252926
5715304
7029041
949532
6583158
2435747
4388809
7273578
0
912235
5782204
2676067
2787954
338289
4401604
2102205
1100890
3222249
5614076
36377
3904177
7494295
505560
3927547
7124866
1816502
6955194
1187967
6426096
5691383
8095879
1022333
2599242
1200475
8080732
4171477
7506662
3575361
2412972
67981
2957858
5138766
282303
6279534
3109569
1348750
6580907
6914606
7193613
165232
1033882
2190640
250989
4402429
7066987
1947579
6509184
7023096
5539510
1372392
2215840
5866040
7300702
7551063
7045811
4305686
1730068
6984181
3377168
1793516
3738971
3045045
7638323
4710617
2455797
6460193
7737684
100291
6490983
4807326
3071683
5559840
2656603
3860039
258298
2944304
2059566
158505
3130841
6493750
5566426
803044
2105325
5186965
5566634
5845712
1590399
1202878
6193105
6246834
4506218
6865194
5493782
2365826
3248919
5783310
3694159
2074608
8244225
6548662
558288
7479271
7035874
7310374
1929784
5425901
299390
6275885
2111146
601298
459841
214263
8776507
2730284
4160212
778777
7221711
4674330
5666736
7136445
7007397
6905781
789149
1187294
4514722
8689247
2443435
7354408
7262966
6182996
8435004
1148556
1337274
5489560
3848337
1100255
3297515
4390876
6107741
5699739
7774489
3240648
7862539
2006823
5886348
2797215
5442678
4901502
2829676
6372816
2931499
8614000
6066448
2607048
1807275
3543297
4572963
7888254
6582938
6701839
5294929
3832220
7770419
7832086
928842
4962630
2314345
4875802
1914214
186933
248754
1802954
335535
140369
757926
7602507
3513151
2490917
7738837
2297796
3224597
8679874
499214
8389391
435733
8117787
6878548
255123
3467338
5128999
8334884
5579848
2733402
6674948
8880141
8682354
3990028
8744295
3346960
7466295
8776970
6447700
1904192
4031567
1304607
4003929
8367556
1294916
4724413
3475640
3374817
7072340
637980
4805740
4556906
6454301
6856897
9099416
2357534
7344682
6988269
3242033
7417735
786346
8401275
8710866
1209321
5490139
7879085
6292089
3645777
6769343
1864981
558857
1236630
7665777
7064306
8584402
1707686
5050498
8571219
6176949
711454
7099811
6069470
4765685
260215
8063029
643005
4861497
7197993
5707727
2928091
1255784
4870629
5709381
4322040
9035044
5666055
5242356
5910036
3824775
9025249
5800017
2168386
3632839
8653528
5288603
2069043
6186819
7201531
5510309
6177665
1939000
9015400
8094949
765988
2516422
3455694
5609101
5288951
226955
771007
5325126
4643116
8285926
1699306
7270725
5012274
8619055
445255
9240602
8782959
7228346
3253071
7916784
9524255
3199020
5051505
8332972
8333512
6549003
6898109
1119140
3108821
5609832
7342978
4892372
5394857
8937346
3822669
8493698
2166648
8489636
3057840
8724172
6876774
1803794
6220370
106692
6480703
5672341
6655976
8265565
2045001
9617850
4438348
812195
744377
8057305
5602098
1914655
360937
8130082
73165
4330308
8063846
4510782
1368407
2682346
5689979
5833078
2474036
7903601
3596970
1948664
5950177
2915731
7320121
2489838
7456763
5277270
2140041
7698437
4915694
5678698
231172
2544164
9690839
5766380
8686943
7789406
9325844
3622629
5167837
1436263
1595380
1973691
9424597
5217733
7610569
3272280
2944832
7642346
4006204
106823
2297411
9191712
7194569
3370397
7432565
5229852
7949901
8169211
8191580
4550269
6660999
452591
7462180
4386257
8154803
4518629
566612
3679084
4375614
9651797
5672383
5174020
8248084
6320545
7571869
10189585
2993950
3587634
9626251
3621728
6439902
1981988
864608
9033538
1484182
6226445
311240
63075
3648454
5258806
4174015
8169524
8698988
2882448
4998485
6304022
9834064
6090523
7881342
7064197
346502
8664417
3581456
9687364
8446840
4483439
3013126
5833934
5007529
793943
2454094
4263930
9131145
10265047
5686631
6773894
2487860
6757438
1431273
4604239
9677650
7648600
6546669
9241181
693241
983493
8841784
9844461
10156368
4730531
6756976
4966436
6548868
3814578
9932672
7633628
5690169
1825012
1349921
1163933
10629495
2334854
2564748
10577354
5241969
7937002
6705707
8490985
3633950
6018052
7876794
2106719
10028807
311109
3733301
4281940
4066936
4608542
10435549
8138205
6105378
1265017
6203415
6465017
4839011
8532501
983452
4602424
8861770
2124901
94058
799694
8190465
680138
5226590
10223624
883922
427615
4256021
6931972
221187
1492426
1874853
1716447
1134664
7883618
8825591
2430292
2504858
675065
5685022
4262131
2152807
5284157
6201768
4636448
2339406
2526147
5692488
2215143
239762
0
1646023
4077315
3567502
4534277
8574883
3119849
4027963
3288237
2273486
10736698
1022520
9160996
7079840
9197101
7253322
5290593
1249978
8399242
29866
7057428
10674508
6339264
4326766
6612039
6367555
8487064
7972008
1735765
3763823
2122648
1882099
4402088
1294987
7425433
2907268
3682197
9540923
7653679
5250775
7205391
6924394
5131999
1870393
929707
9214121
4356412
6837895
7342470
197973
2586247
5033787
4143153
533712
2949202
9389118
9013016
2377797
5786649
9329348
1959116
2594639
4273125
9556678
1084872
8669149
4759394
1239856
8252088
2233776
3848177
5574679
10008928
5327206
8713584
3123939
10107329
6813096
6085330
6969209
7297612
6445423
8385160
9554432
2880481
3287056
1615366
272176
8759390
1172152
2950844
6023799
9453111
3806675
1653529
8326753
110266
6305150
2583240
9345279
7474809
11204822
4656252
4337049
9593574
795884
7226525
930433
5845607
270523
1467068
592669
5706534
4116193
3686219
9049173
5985945
2973783
277159
6279953
2113642
294365
557930
507688
9061743
2464536
367014
11527512
10246940
10842941
8505029
3644540
2705780
11411640
11193895
6676827
4803712
834531
9808044
924183
1639622
9648077
9257692
5454176
122336
11840871
10946096
805843
7608492
167674
6357552
6537479
6410576
8082737
539852
7145454
4464377
1004312
3123039
10397895
10414704
6673588
8357734
11108418
3657898
11867322
3587990
9878134
3823925
4731653
6895218
12050813
5533285
6414283
8158137
3866584
10797435
2284730
11505446
9490990
2944345
4685999
6632069
7521262
609754
9939230
2960444
5335020
6862887
11517827
7977359
6829388
1261627
11670824
1016738
12410250
6733830
8141189
1597322
3638525
7877217
6558665
3191166
3265339
843321
6899299
8904967
6530110
5480033
10762240
8450457
9830633
8332935
3761972
7124620
2002379
9568356
10876518
8706731
2473411
5113466
6043915
5297296
606242
4476171
5841008
9711972
4476530
9800359
7214536
102336
6958330
3213743
4743425
8821506
566457
2354572
8096680
1302996
769426
2091301
10431613
10483718
1709174
8114827
7619518
7173096
2769278
4296984
9774845
969845
11157046
11082405
9308308
3325427
10649977
6632753
2365527
7895591
9916088
1158764
5256303
9428418
1731121
853351
5107086
12069740
160257
3683821
5273648
5019292
10082943
2435220
5729399
10656181
78827
6708721
12555618
1014358
6913245
8439867
3908604
9847032
5721098
9189924
2927010
5505953
1396646
10362210
3952805
9510743
6914479
7882459
12738278
736519
11899264
9773287
6980710
1327408
2812562
1502616
12022229
10865340
9506035
6358616
11223184
1296679
11289270
12020204
10999126
6788647
5482397
4237194
8894482
9518067
5318732
7995364
528846
4750846
11917892
2893969
4271771
5931160
6954844
4251038
4071891
12688851
9835966
11506410
8386970
8970703
9020156
1327814
6657292
10583782
11258680
2621916
11316855
11432284
6235929
9759924
6996977
5578665
6385330
5571617
3500102
6721200
9438451
3871289
6406400
7719619
12838170
11907125
4891190
1536316
12121173
8217109
1354085
12659394
7503148
2557706
8805692
10429797
10148813
5364683
1981310
13192887
2912928
12460709
8273172
7884727
10167907
5723570
5825525
11683936
8586278
3132838
10089467
4024680
12184562
10416131
120747
3967301
3239677
5154459
4420888
4669375
8342399
13160686
2636627
9531255
1669261
6254033
3295012
11748307
2837174
6937479
12744409
7035567
6269350
6126210
13133755
6661626
10881184
10723689
2518825
8839076
2770784
11702463
1042294
13144751
3741936
12531610
7278183
13308238
9701686
5336167
8654286
3158119
4762428
11870740
8545832
4045790
5220815
11891353
10599299
10093794
4920214
9366033
6991833
12545372
5197997
3070835
9883236
7009293
11186372
5745039
6614418
6614695
4619102
9714127
13327247
8800296
8165053
10121068
9720479
2189942
656292
807164
7707646
1758977
10474026
13177150
13169766
5755476
3176222
11194905
5685309
4036779
11611281
13029889
295072
656253
10501457
5698985
9985131
11575249
12231905
3476480
4400393
9164920
5760110
5100647
8572600
2281981
10493159
6210692
4312544
647607
8172051
5857794
5324500
13616632
689311
1128528
13046834
5977327
3941925
13276266
7320605
13223175
1149340
8026926
8570114
3958917
7577767
1562823
9065300
9573345
5790046
3481578
11958219
8773853
9105530
9327216
12347014
3665678
6286590
12034181
8769307
3680578
12753343
2447820
9878285
5131068
9294417
1956157
2722614
5226588
12606478
12817661
3570217
10366376
2417365
12343180
5813939
10493748
13815176
13882698
665614
12702181
9561407
6282897
11556248
3909448
12610548
11571906
6167071
9831282
1989447
1194322
2021809
11229590
4028982
11238491
8064113
8724351
9006361
13320502
11982858
11342115
7300018
4127773
6713327
14229171
10458680
3067147
1078991
5967854
13795246
9785945
584112
6345991
6569783
233156
9352581
4764490
5412018
6110510
6645562
12815946
11815463
13433407
1425535
3534151
2049750
10570830
2359702
13100112
12695480
9640666
1911510
4895383
10003525
3202854
3867345
12264434
8357498
6469519
12908215
4052423
6833317
3262863
4751522
2384430
3602724
7120340
6257953
8233580
11305171
948841
5260170
1550496
1806403
9217142
7842450
14027527
13252073
2195957
4506417
598695
8184417
8022711
6807599
6147945
13381373
9476286
4884400
11128273
12135964
6560881
7253177
3510810
1524253
1406599
1096796
13636596
5659378
3834840
13412212
7727967
8080303
3243703
7493034
8028784
6303568
5496677
13444389
13531774
3427360
2280707
497271
11611149
10875818
10950558
6889310
6530251
9618723
11416747
7873468
14549780
528296
3197267
4612767
9254635
500505
8084293
1254270
2051235
11947070
188136
2608702
352041
3393679
12347529
7479232
4072673
5921413
2900375
3627481
11430377
10920248
8156427
12548037
8792870
4805664
1176654
12178402
3437628
1690135
3004038
1838880
13726698
11499181
11564231
13651663
432567
3399424
8834526
7033187
6962865
12551890
11075826
3572830
4242600
11474061
8167131
14098040
12130327
5187349
3547872
11318172
12543772
14315572
12743968
869374
3454905
493513
4024471
11828093
13251429
10117002
6349023
10424043
9129506
3809029
10006765
15100907
2772544
6820642
11572262
12921680
5502513
11558606
2975915
9949043
13323440
7479260
13694358
11104037
12329438
10538394
4656337
12061862
8764816
7609766
8460830
6744249
8385256
5196
1984077
14593084
10532611
111867
8892044
2003792
10776051
302105
7117064
12384678
826246
6039925
7836042
6704570
6302869
1550271
8876483
13185203
12125629
14644485
7814718
3065818
4369047
6398782
13635281
5175717
8064311
12750875
12138181
4153656
2193584
3868210
15005780
3122517
13014636
3083781
4630608
3156148
2074372
11268805
8998565
584531
2003983
3513583
6067777
3744460
1081177
14961471
5146042
5985581
14630478
8130118
7501299
10090012
7498626
15467241
4958663
3197417
13299481
10704597
7608547
3604736
2415876
15430562
5362807
10241596
9926862
3472365
4141761
8232798
5404727
7438048
6344756
7409486
4119345
4326192
8540443
14138910
83633
2588479
14871696
8636660
12602163
15092038
7461313
4743990
1551507
13624676
9220023
13309672
13522309
333144
10840422
3026420
6359292
14674752
3296253
8320259
15046972
2256022
201764
6917563
7834
12437053
10666859
2682308
13336569
15124942
7962610
15227949
4415993
5514185
5744294
479955
14865421
1545387
13467921
9190185
1479677
1362163
12721562
2676058
1070475
4140060
9381384
5461133
2043781
1345939
10382177
14531077
15178358
5723393
6310599
13711370
9735049
3760843
7120965
14639553
10684387
4426279
11017529
6392487
8578790
1680837
9690300
11579484
15634107
3758217
9185236
4614733
6213093
14453273
12167735
2994510
15014639
4507712
10300123
8661125
14647563
14839370
10615918
2456821
7006522
8888190
7034038
6356935
3309889
13533351
10260771
4619796
4422367
6483727
4275976
10094040
10357630
11042942
8565729
4298659
2108080
355503
406885
6497533
11675134
188191
11805976
10912094
6243096
11933498
6333432
8325239
13425271
9520981
7370402
10868219
2104231
5825547
7734175
15914234
458109
11588012
11760863
3638617
15351754
9086234
520579
3333532
8343076
6118643
14304820
3274055
10304832
12777023
1264300
13716636
13354131
8590698
11380593
7351879
11102116
15301042
14617036
15544943
14108093
13054706
11970822
2902389
14592071
6434195
8640909
14670440
13995720
5031684
10626723
7060533
3195192
12551627
12816589
12859805
5449904
3462281
6503409
4683135
4887005
7913791
13520885
2055491
50149
4327339
12500999
3848300
13048117
11025777
2344137
5966031
3159624
2735808
10097815
6466984
12569461
9282984
12945418
8316029
2779145
526493
8022180
2929477
13870896
6189665
13935314
1512970
11924292
12181538
3891951
10147010
4486431
13875883
5846085
123782
5063830
4435877
7879891
13688813
6823519
13952043
180992
13330070
12396427
15492690
1490099
5785969
14019296
6434957
1163782
8210133
707177
11500680
4009465
5192986
13509955
9924119
8785459
13406462
9652601
10819461
5428528
40565
10310704
2268032
3896031
12647219
13005159
4933496
12068171
3204589
2690759
8358461
13244361
13232395
15584620
3095607
7141161
105305
7680566
7723871
13482175
10590296
15952656
4357457
2220076
7329015
8939854
12315729
15424491
6648875
6149476
3689252
13325941
906295
1025923
3322216
5670058
9433747
9387984
6272862
15200084
1594043
3813444
12528758
4790559
6162387
7807756
3908184
6417436
10060142
4308208
16297803
8892705
10370671
16586124
417290
2240037
16433564
3047172
3050339
5651937
5034739
11341301
14640275
13819379
4008701
11274383
4387392
6200029
14928158
10885710
12670776
13862091
16773207
17006863
7514138
16604925
7125661
14323815
10807713
8680720
12453553
13876347
10384052
15824572
17174242
9579691
5878633
6951815
7216869
1995797
1558087
16350710
6822683
1866433
3304690
15066676
8648116
7179907
10635561
12428938
15907476
8804866
11530658
11888715
4105161
6217237
3222768
7570111
15199985
8295430
355603
15402360
10044592
1219902
6521229
10088995
2001374
10423649
13788480
10307227
2458483
3886183
614766
13444386
7404404
12633770
727602
6504487
4756799
5937526
7608886
14896454
8754253
14391404
16354153
7603185
7146733
9193421
7378734
15082429
6733241
13672436
10040399
13048086
1345778
14608371
4206910
1960211
10116004
5091671
14946024
15156891
10873346
2059375
170606
10281492
1058617
2975776
1457303
2856142
8428663
16247617
3044146
2066050
4160634
12010659
5419990
11548900
3556991
10142428
4913499
13117361
15667940
3788243
15806841
13849020
17122681
12567300
14507505
13445612
1272548
732241
13701959
8028051
11344170
14824719
3859109
11223875
4568868
10252460
15359372
3538590
7475581
1988815
16779808
17635687
1496110
3244785
15139075
16659206
1613996
9487658
7747234
3347509
13399468
14151915
16054508
8347157
11982111
13258888
11428565
4340342
904738
7584925
8711966
2202716
7500297
494582
2683019
16861780
15301190
3376487
7166726
7275095
10730109
8375753
15521640
16146697
11258711
8660609
5271805
17362397
4759649
9011024
10563899
13698272
5356466
9261797
11087949
10683226
1488687
15531702
4992567
14844207
4222829
16184201
14845480
2345983
5025559
6572199
15476373
8154225
7666904
7845144
5687308
6874910
2039414
9494608
9779700
4304096
16665396
12333407
6688561
16664511
12449300
4259195
14973278
17152127
11765530
1745814
16885136
5308108
1539104
9093270
16825131
4025084
17241512
5151450
7473223
9458519
8452486
13058564
5791176
9476956
13813031
742867
8499624
14091193
12597684
16387521
17117375
8677700
16519120
11668946
2284774
13242873
6920086
10735217
10695744
6226460
16989051
1183318
11258311
9408092
1288222
5181199
13871908
4687026
3619457
17019585
15167467
11020215
17327174
7914781
3369046
14166001
1020436
1499601
9926870
11473771
610375
4175363
4715609
13052252
8403981
17297005
8074152
17533225
15145411
11700219
11845800
16204430
18241303
6015715
16426047
16300412
2511263
15307411
9031937
9471640
10601858
6955235
17990076
9990847
10755559
4552985
17168955
8630288
8212159
17672650
15530980
15792453
11658499
7179181
1178005
2869996
15375994
8986788
10485089
9519752
14133858
15940855
11972743
10195399
11786500
2804707
366034
17947542
587507
16158866
5272368
4431092
10181279
14045531
2492849
12350064
9154426
1857335
17761620
2817789
571405
4350313
11926485
9604732
3079552
6825660
6120476
202843
3475757
11836426
18800919
8250669
8304706
3358230
10562011
1774690
4254897
10282694
2881810
11066342
7941373
5226478
15297196
8473691
18256144
16933203
9062416
9781481
9029196
4092935
1629778
13054172
12314552
17362050
5784313
15597684
5629643
426296
3650578
13234623
6159977
9395909
10454400
2148617
11353812
17062961
2606673
7438374
13983470
8792099
7499422
10088524
8254931
13918165
4524899
16138262
6940580
13846905
8268294
2779934
8135210
10647114
4374197
16339503
15324706
2719091
8306499
2390321
501397
11650177
9888642
12454259
11912190
6917066
114854
8906417
11830719
8812584
11954047
16389240
10928518
16311007
6137975
11932586
12306881
11511332
5096682
16756732
1374544
16928161
16281791
16701824
3501045
8417721
4898188
3896357
8716402
8429644
13307049
15151575
3416674
10173677
16116909
5724062
114159
4782878
12052987
15200480
1379775
5603108
16588759
4004600
11452398
9943279
16372785
9869526
13914470
7426526
2030226
14006097
2789442
12038271
14604545
2775152
9238994
17838484
735212
2232715
4380756
12535664
17943301
10878466
1729102
1935720
13000036
15807007
14020904
1243784
4908869
4787530
19030813
10944677
16760737
16351428
9756992
13349135
5093864
9398241
3569789
18056858
5840465
14999008
5246725
10414107
14578374
12949881
5248223
14686176
9979290
17608999
6603545
10542118
7869123
13218628
2604412
13151945
1280592
8624459
1120880
1307481
7683008
19571308
1297176
14039225
11726820
11757253
16130314
13383135
1319752
7890366
1361486
13938665
2104485
12660157
4337663
11541579
17112299
11697544
3154601
12441682
17456490
10632392
1481852
10034719
7792709
11663622
18782861
1892717
14689389
10285630
4070023
17231568
780962
10477655
14714104
8637894
2202916
833033
538075
12366884
13378163
9160614
19108249
15893233
450839
4142837
12137877
10464291
10163602
17441790
15194762
18227449
1592670
13355137
16009467
14747466
12065302
7963527
16361061
6388106
4605195
3175252
2961985
5764809
18878629
9962345
15105111
8878718
17387960
11310489
18090683
6774771
18005186
14881003
4125412
17807348
14209938
10385877
12304156
5537478
3148606
14999088
9443276
15608816
1179739
2562890
11436940
11031190
6983706
11280863
12173823
15506965
13034836
11098550
15821148
6032552
16794504
299701
6060562
7286623
1103097
16713795
2151253
8084482
17950503
16243061
2485122
6420062
9445694
19662545
15674482
18537439
1898229
2289113
14158899
2622225
1644467
17569023
16775983
14184832
13105553
3644746
15282566
16965645
14798336
18803303
19800306
3012655
18336768
14104687
4613444
19741685
125055
7313373
5801898
10067486
13053797
8892571
7009501
18471601
13139866
3725299
7375421
17247627
4784864
1412880
19890047
7717354
760677
15345187
12206788
12435229
5615159
11494265
9802430
19747965
355357
11579765
3021441
5623507
9413653
1749612
2079428
9772492
11801457
4624230
13738651
1716233
7606094
13806959
18352311
2791239
3641432
16560561
16747697
19589429
14278209
2556842
16427080
6747211
2200168
754494
1288096
11918582
11743740
4713076
6599242
16904069
9668558
6329178
1137917
15577320
2789342
3970465
2178422
14812456
9499555
2329311
2677745
13115766
9319460
5763928
14808267
13292560
18344369
14582496
20151413
18678309
19342010
11469839
8387214
3887186
1817609
19642753
15489924
14377709
9032149
9834010
17785718
2333528
2408975
13884346
2361398
2950322
3530708
16811778
9301328
8101294
19224147
12910347
9532534
15641736
2434607
9905175
12412847
4768304
15066820
16098073
7605336
1340859
6822098
10578373
1920158
17448275
10310405
9268211
3851704
10853066
11267884
3502357
6305225
5931220
851538
16561778
11090963
9349234
1146927
20710651
15371132
5802860
10281959
15318713
7344648
3979120
18318955
6923659
226098
17027315
18877354
11467430
10786622
6828135
3898354
4564130
19505342
275121
9412809
11760506
12114837
8707183
10891807
10034060
3740002
4466646
10375883
6032302
15387832
17938307
880599
11441085
14029476
12652998
11448901
16912921
9381210
6401289
11865081
9365436
19167681
17690845
4246050
760942
7942294
7170906
16640817
18040892
18808473
4845105
10641710
7686691
19480432
19872272
4580319
16892327
8050351
21495231
15359618
5841151
21148238
18662878
3308893
381436
2028333
3177754
1490850
1386932
18223698
7012105
12140443
16464994
19089162
1897999
15618279
14834689
13010240
13638261
9425675
15205394
16169577
17585705
4433908
15146287
14549001
16716257
6774401
8722484
8064347
15053087
18031026
13158421
20628400
12601885
4989169
888693
11635125
14092964
17768947
1021255
10279565
18628270
6170071
4433199
16674023
20477791
18651579
6716039
19565802
11184948
3831439
12489184
956108
488431
20778262
20459724
6947345
6592789
8536223
1141109
14357647
19649703
1221681
5616607
5843868
6405483
17761619
9243629
14056034
3086201
7545799
4253310
20242938
20570547
5032455
16257122
19479367
9411109
1277566
7455490
911711
3789100
88584
4409978
15633125
13098453
1413305
4787444
5789930
15435621
13637524
16275707
10834517
77320
3439072
14277540
527466
1734828
3772781
3975739
14323855
15040233
14170482
9686244
3493202
8159473
6352984
14986725
3939522
8995493
3568325
19636635
18254427
5136307
20796080
11595811
9539483
11285859
19483969
3744235
11250711
10641644
11056682
6112779
9928016
8590639
2064852
17766315
5470733
13149872
3449940
1032043
682999
2416095
18880186
21101369
7139311
6746422
11584693
621488
8211784
3935092
17825070
18278636
15526912
2329935
19069546
17393956
1830362
4123803
19712625
3772501
8623569
5261004
21679379
8544912
8113131
19536859
13825206
9726387
18482027
5163222
1809715
7053424
14715736
7481537
15464169
7879200
20911045
9967293
12536657
19313199
6790387
3224921
18518375
12353928
20381514
2719297
10458637
19257353
8896012
9784532
14035739
20148016
6371830
18860921
15517326
134285
10668988
8133354
8564674
10352485
140341
12675137
9959278
10579483
14731278
21370894
15772123
11814561
4547289
19136745
16667696
10031822
10828229
7219347
3227836
13619349
314049
4555491
7767379
8116811
7403824
2197557
15409236
2098319
2802255
13311353
3433095
1908972
21447434
21205324
21278316
10201391
15291877
19247006
4290327
12476287
564131
12706333
16485077
5559454
20766010
15554132
3365696
11444936
22051987
10013060
10542833
14681229
3879853
17293624
20006791
12227390
1116770
9234131
8774759
5316513
4214188
8467863
15423961
15360748
1472443
17910962
3999691
833257
17256762
19489010
2460998
1315264
10658372
15268454
4256613
3144012
19052761
14590775
5662192
18889465
18715611
896191
12613700
9297579
17043528
4694967
20454261
762167
19352272
3134725
18027037
4098010
17044443
1133094
10567986
4086093
8821837
15206236
2643251
21983369
19430701
7901532
3398167
74832
19956051
14947214
11615091
20260665
8180240
15833325
21473530
5472719
13299168
17098710
8348667
1501845
3140555
13109710
18917026
10904604
19767180
2108774
3675808
4011207
2192258
1750940
14572568
346399
19257464
16088832
4028170
18623729
2594240
8344310
15631074
21978352
21414703
13205583
15247965
2859525
6102053
5332960
21192187
15263371
11417975
1785498
6540770
1058325
16935362
15632528
6790254
3891734
11206751
16816800
6960732
5960203
3357136
6040334
12241906
17771041
17640264
10786662
2961018
5073861
20461957
10871438
13555892
9566105
16702413
3835556
16960307
1952935
18573257
22086608
18185126
3933067
9953171
12198326
10648312
1077002
12344111
7673802
17377855
14766719
12286979
12484046
8268658
8667040
16951967
18143512
8388680
5966862
3876238
15836902
12748770
16148105
232184
21401204
222670
14352987
9742852
495273
15811947
358380
19250350
532288
4729878
13960894
7992226
11320923
7267502
7910961
21926426
14548442
9627148
14035526
2269244
19662469
9592191
15918762
19132772
4318696
13288430
1813820
19427828
518032
2801022
20837918
681730
18674610
3029809
6363852
6524743
10214778
15605829
468597
1648443
20017406
7170997
14785666
21186911
3902046
3757503
10857161
7871842
10333755
13954926
20178583
3553311
2388205
13118199
13887071
2708129
15935587
22515392
1643256
16609706
3902389
8152252
1834823
15640670
15021285
16967969
4873074
7509295
21868797
11733129
2225415
8972673
8438380
3837469
5653079
14491162
6382993
2875402
23162183
5669051
5847302
7592543
14443858
7873548
7308122
16347220
21617461
5442381
13971714
8257931
22431385
13336407
3482184
7590043
20753273
15123514
228679
8298535
21372329
11069124
1108064
13172954
9679019
10611314
13782823
1332301
18757191
18420363
16117931
16891553
11443601
8380202
14342951
4968241
5007429
5785473
2851134
10360451
10210171
9668935
7546323
1713601
13229951
22043191
15718572
4919486
11087640
2606781
6912812
13350258
11112922
796689
22838916
21210305
9614875
22534584
8853023
9040634
9087262
8337008
9465402
15995601
20269647
140046
6655509
12372443
12731100
8771069
20680884
21918039
8649376
11891122
8542385
4299742
17615729
20974495
17135091
5915151
9185674
7052160
9922177
3430864
14396726
2481312
13520107
12389288
1509743
2003246
21395002
4624642
18834110
15463723
11454433
429446
3825092
11960815
10053900
16388280
15287633
9697364
7168593
13781523
405396
4811844
3227591
19741431
2459185
19791876
18081164
14067290
18126971
14321923
5081851
13529315
2191362
16280637
6737758
4327496
21912508
212703
2294586
21115750
19301756
1977309
4654396
12965248
1892605
4541064
5121389
5131697
12895089
16864028
15534675
19468426
10002954
21972345
2017060
4321286
14882993
10056598
10184908
6182195
16766814
21020652
16860569
2075589
4097465
8935415
5719360
20109963
846979
15213971
17647470
12991148
20520174
6009289
22672509
3437799
14395848
20747482
3332750
10600875
1700948
12946442
17558839
16145357
1128662
15551806
8745117
1535102
257303
20499947
22060863
7832026
5914210
22785860
744897
12780524
21721107
21363862
1546142
6164447
16610769
22525238
22401221
4381772
12364648
16610509
7027378
10319298
22867780
15157423
19943414
8958803
3076352
19941564
11627333
183808
11994554
11982560
7941459
13287470
6149383
1962798
11673415
12555129
6359476
23884405
1556469
6934194
15705336
14094041
4379458
2905903
13973033
6649072
3540858
12152995
3883075
19730561
396855
7733169
9009580
15670431
18527076
3826540
3579226
9838425
1154331
11820810
5677632
3787925
12151880
15444448
5219257
3635843
4010774
11616197
