20
100 50
2 30
35 55
36 76
7 12
10 50
37 71
5 46
22 63
8 11
46 71
28 66
49 80
10 30
11 45
47 71
21 35
22 61
24 58
38 41
28 77
48 56
48 61
28 35
11 50
31 61
14 60
28 70
3 21
2 20
12 35
47 61
29 49
8 23
5 36
19 29
34 44
6 27
12 29
19 27
48 54
2 32
39 66
47 86
2 33
31 38
32 48
45 66
3 16
8 52
27 46
100 50
10 50
10 35
47 50
4 27
15 53
11 57
7 50
24 68
13 27
10 13
19 35
5 40
13 54
2 22
18 45
28 41
35 41
49 59
19 24
45 76
22 66
1 25
20 67
42 57
36 62
31 80
22 59
32 59
9 12
39 55
36 62
3 33
22 46
31 57
50 73
13 28
46 51
12 19
10 28
26 36
40 54
24 39
40 72
32 73
1 24
3 26
4 14
38 83
28 39
48 50
100 50
34 59
39 58
7 10
13 35
13 17
1 10
17 56
46 88
29 76
22 38
29 77
23 65
3 30
11 35
42 60
31 77
49 59
31 76
8 47
42 89
30 46
44 55
23 67
36 57
3 17
15 31
8 54
1 25
37 37
21 23
24 24
2 15
3 6
38 38
49 80
32 35
46 88
46 52
32 73
45 69
50 98
12 20
26 29
48 81
20 48
27 33
9 19
20 26
6 8
34 79
100 50
47 79
38 51
9 53
33 72
47 60
15 15
49 86
6 39
31 55
15 27
20 27
45 77
19 41
42 51
45 47
46 77
5 35
24 69
19 65
42 86
22 29
24 24
50 79
15 50
20 35
43 81
15 52
29 31
40 85
7 42
46 85
29 47
19 50
41 55
7 21
16 27
24 32
47 82
15 31
10 28
29 59
12 13
41 74
10 51
8 29
34 47
11 56
27 61
21 65
1 34
100 50
16 24
36 55
42 59
46 81
26 60
26 64
37 69
32 34
36 37
8 38
5 49
33 36
30 37
40 53
21 66
23 70
44 57
29 31
23 61
6 28
9 36
14 23
21 65
15 59
19 27
18 28
17 45
15 59
37 82
13 27
19 64
31 61
2 13
42 76
50 60
6 24
42 42
21 37
45 75
45 70
44 55
40 44
40 77
38 61
50 84
26 44
39 61
40 78
32 38
46 91
100 50
5 11
30 40
1 36
18 36
50 54
21 27
9 24
20 49
24 44
49 90
39 48
38 64
27 35
27 65
28 60
23 27
3 38
34 48
46 52
32 59
48 61
43 91
50 65
3 27
15 42
50 98
18 53
10 40
40 76
1 33
28 41
40 73
5 11
21 49
49 64
46 77
48 55
20 60
15 16
34 81
10 55
20 25
22 57
49 93
4 10
19 37
8 44
10 24
7 54
27 56
100 50
3 25
36 72
38 58
18 24
18 38
7 23
17 44
10 17
27 50
32 70
41 78
11 17
6 53
48 64
38 77
1 27
10 42
49 91
9 16
29 74
39 55
44 64
16 27
29 73
50 60
46 67
41 56
26 49
44 78
15 44
38 83
46 72
41 84
9 27
16 54
32 74
42 49
26 61
47 87
26 31
20 34
16 55
26 73
24 48
24 37
42 77
1 17
8 56
37 66
14 20
100 50
48 84
50 75
4 27
37 83
4 42
9 50
48 97
45 59
32 38
8 22
19 61
20 23
18 53
5 17
13 53
15 54
40 65
29 68
19 53
4 11
10 57
41 61
25 28
39 44
45 61
50 93
25 65
28 69
45 67
47 95
4 8
27 62
44 76
19 45
28 51
28 76
2 49
11 48
29 70
29 73
1 23
49 59
48 67
5 36
37 85
48 49
28 52
50 72
13 29
17 58
100 50
10 42
34 36
6 24
12 51
33 56
38 55
1 2
44 72
16 49
29 55
16 34
19 35
34 66
27 41
29 36
39 42
17 62
3 27
5 46
17 49
12 30
13 31
43 61
15 22
31 47
35 37
19 26
7 23
20 36
24 57
23 43
10 23
43 67
8 37
5 53
49 90
38 57
7 37
43 45
46 50
3 43
50 73
48 54
50 72
31 77
48 70
29 31
13 49
9 16
46 78
100 50
8 34
11 28
18 67
47 52
31 69
18 58
34 58
39 66
5 14
9 13
17 29
31 79
10 48
35 35
16 41
3 27
12 38
42 55
36 61
34 41
5 13
13 48
31 77
27 52
38 67
6 49
37 56
44 91
45 74
7 37
20 24
8 10
19 56
43 86
46 81
30 79
9 10
40 44
8 52
13 43
17 63
35 39
4 52
18 49
28 74
50 68
40 66
46 79
45 59
2 20
100 50
18 18
46 67
5 41
16 44
22 38
2 49
37 77
46 77
8 11
36 68
20 64
25 40
26 31
8 48
2 33
48 97
17 47
42 76
20 40
48 82
17 53
24 28
29 58
48 64
26 44
45 85
31 76
34 60
44 53
45 50
7 22
36 62
11 58
16 36
28 70
47 63
18 56
30 62
41 90
39 69
14 17
45 93
36 62
20 67
44 81
46 92
2 11
43 63
15 30
37 56
100 50
20 50
4 48
31 80
17 39
50 85
42 51
13 24
43 67
25 53
16 25
6 35
10 47
50 76
36 52
41 82
34 42
22 31
28 66
29 36
16 64
16 57
39 62
45 83
37 78
5 18
27 64
44 47
25 66
28 57
26 40
40 85
11 15
21 47
8 41
48 90
4 16
35 43
31 31
15 20
3 28
15 27
20 44
38 57
36 65
11 11
10 36
4 23
42 58
23 67
34 61
100 50
25 71
14 32
13 40
17 21
8 38
2 14
24 29
48 90
17 32
11 53
42 82
47 93
13 48
28 47
31 77
41 73
16 33
35 47
24 30
28 39
45 82
23 64
37 77
8 16
5 8
46 56
27 61
19 52
10 49
13 45
31 78
36 59
36 52
48 59
11 19
11 54
9 38
43 51
40 78
2 25
45 85
22 59
5 24
9 34
18 58
8 20
26 75
34 43
3 50
22 42
100 50
10 21
45 83
34 53
31 44
16 30
41 76
32 60
34 49
15 47
33 58
15 35
6 43
14 37
40 65
33 73
5 6
42 87
25 41
3 14
45 59
49 57
7 44
20 61
12 21
27 75
11 12
24 66
48 91
48 88
35 43
8 9
48 69
14 59
29 35
29 33
3 10
4 30
11 33
33 68
28 49
30 69
50 82
17 22
43 80
6 29
4 10
8 22
26 47
8 16
30 37
100 50
44 84
46 73
13 19
1 31
44 64
45 74
6 24
19 50
32 76
48 79
6 19
9 26
48 69
24 54
10 48
8 53
29 49
4 35
41 84
48 78
38 59
19 67
23 33
42 66
23 69
16 28
40 76
17 33
37 62
15 63
20 43
15 26
42 50
32 65
15 59
17 40
19 23
41 55
49 78
34 50
10 23
38 74
8 29
39 85
39 79
14 47
38 53
12 23
47 54
27 44
100 50
31 38
46 71
40 51
15 20
16 23
17 29
11 13
34 35
2 31
4 14
27 31
10 57
46 87
50 80
35 49
25 34
16 28
10 23
35 81
1 21
21 46
38 51
28 31
5 47
32 41
3 50
13 14
49 76
40 46
21 22
32 39
18 57
46 67
13 45
4 41
30 59
26 43
35 70
25 67
1 18
41 83
35 40
3 8
34 45
17 23
39 78
11 45
25 35
30 51
30 51
100 50
45 84
43 87
46 66
1 7
19 63
10 34
37 83
35 84
5 42
10 59
39 74
29 51
46 54
4 51
24 51
45 65
22 26
38 52
24 61
37 57
8 34
27 76
42 82
50 74
7 48
10 34
32 37
21 62
10 59
38 51
1 28
47 75
1 39
1 28
4 44
21 39
37 65
39 73
14 25
49 71
13 20
27 39
8 57
18 39
39 78
48 78
2 45
19 33
11 56
13 58
100 50
12 32
50 72
3 24
4 32
39 87
42 74
12 29
42 69
39 53
17 47
21 39
32 56
30 76
31 53
26 45
44 44
6 25
14 32
48 81
23 23
21 45
12 22
38 67
46 84
37 73
33 70
24 44
44 51
20 64
11 26
11 60
35 84
26 55
46 83
20 57
20 46
14 46
32 69
44 72
18 55
38 57
29 52
50 73
28 62
10 40
48 81
7 8
23 59
13 44
16 44
100 50
8 57
11 49
36 48
1 49
13 57
47 69
1 49
36 38
50 81
20 36
17 32
50 99
4 4
29 58
37 39
3 37
35 79
33 39
38 85
26 47
27 74
29 59
10 39
29 44
38 77
29 29
41 68
2 34
12 41
20 37
35 77
26 58
29 52
18 42
18 64
18 66
20 57
31 50
38 74
24 45
11 34
39 63
46 77
29 78
35 70
19 31
29 29
44 88
45 61
36 61
100 50
42 85
14 52
3 23
12 17
4 35
24 64
3 18
23 55
31 73
46 61
47 86
23 55
2 47
10 15
19 30
47 58
8 28
10 23
7 22
41 65
24 27
25 50
25 67
45 83
45 90
8 16
35 74
18 36
6 18
13 31
39 62
18 46
28 40
21 62
46 80
7 28
18 18
49 74
5 14
29 61
49 72
14 35
48 56
33 63
8 48
18 49
9 20
25 66
32 69
23 44
